3 0.133729 0.896863 0.206192 0.181077 0.011447
25 0.119236 0.914155 0.175889 0.156868 0.0115359
5 0.504282 0.273715 0.392622 0.462451 0.0119366
8 0.118742 0.913167 0.188735 0.158844 0.0130837
2 0.487813 0.184042 0.472991 0.368083 0.0135819
3 0.0515481 0.568429 0.103096 0.259881 0.0156919
11 0.464921 0.335721 0.421937 0.444664 0.0169574
22 0.491601 0.178977 0.466733 0.357955 0.0181284
2 0.500165 0.613883 0.516798 0.456522 0.0196479
18 0.162055 0.91292 0.27141 0.163291 0.0302073
5 0.484848 0.477026 0.463768 0.58004 0.0530563
2 0.483037 0.420455 0.425889 0.492095 0.0569979
3 0.482543 0.477026 0.442688 0.509387 0.0607195
22 0.486331 0.380805 0.382411 0.42416 0.0641268
