5 0.543478 0.388587 0.364295 0.319664 0.0101714
2 0.31357 0.540143 0.498024 0.429595 0.0105156
5 0.371377 0.572875 0.608366 0.453557 0.011242
23 0.514657 0.402544 0.423913 0.328804 0.0118532
9 0.879776 0.0754694 0.156785 0.141551 0.0124752
8 0.879282 0.0774456 0.153821 0.148468 0.0130742
25 0.489295 0.392663 0.377141 0.308053 0.0135465
24 0.467227 0.389699 0.472003 0.269516 0.0147567
22 0.316864 0.545578 0.48946 0.442441 0.0151226
11 0.318841 0.541873 0.48946 0.422184 0.0172892
2 0.555171 0.663908 0.595191 0.491354 0.0173197
25 0.887516 0.048913 0.157773 0.0978261 0.0199993
2 0.541996 0.460845 0.394928 0.364872 0.0207768
3 0.545619 0.624259 0.533926 0.489625 0.0228752
18 0.541996 0.45788 0.420619 0.392045 0.0244617
3 0.520586 0.444293 0.419302 0.387599 0.0293614
22 0.550725 0.629323 0.587615 0.54669 0.031438
8 0.484848 0.39958 0.405138 0.332757 0.0321882
7 0.499341 0.431077 0.457181 0.320652 0.039971
6 0.507411 0.427495 0.474638 0.371294 0.0424307
