8 0.343379 0.0780632 0.218379 0.142787 0.010208
3 0.457839 0.431201 0.368906 0.370306 0.0106531
8 0.277174 0.291378 0.364625 0.395504 0.011028
25 0.343379 0.0920208 0.166996 0.147974 0.0118964
11 0.325922 0.0848567 0.203228 0.159832 0.0122961
21 0.304842 0.29459 0.44697 0.354496 0.0124231
25 0.318182 0.315217 0.379447 0.296443 0.0124375
9 0.327734 0.0886858 0.20224 0.163043 0.0139332
7 0.292161 0.563735 0.516469 0.440711 0.0142058
2 0.243577 0.575716 0.482543 0.382164 0.0150044
18 0.204875 0.564476 0.40975 0.272233 0.0151625
5 0.292161 0.537549 0.567852 0.528162 0.0162268
8 0.393939 0.385746 0.447958 0.412796 0.0168656
6 0.341568 0.348814 0.476285 0.335474 0.0192389
11 0.29809 0.259634 0.376153 0.422925 0.0192473
18 0.28475 0.570405 0.568182 0.426877 0.0195846
23 0.294302 0.297925 0.450264 0.420949 0.0208366
3 0.23419 0.532238 0.468379 0.465662 0.0222101
5 0.476779 0.51581 0.427866 0.462945 0.0241445
2 0.315217 0.371294 0.520422 0.327075 0.0249892
2 0.478261 0.515563 0.443347 0.485178 0.025266
18 0.320323 0.363636 0.505599 0.357213 0.0282899
3 0.302866 0.259511 0.429183 0.382164 0.0305217
7 0.310441 0.34128 0.459486 0.328804 0.0439854
24 0.319993 0.329298 0.446311 0.363636 0.0462472
