8 0.378638 0.271205 0.147487 0.168899 0.0100612
0 0.720403 0.854291 0.502315 0.281498 0.0100966
9 0.461475 0.0690724 0.185516 0.134673 0.0105109
25 0.38244 0.271329 0.145833 0.172123 0.0111881
4 0.477679 0.062252 0.213294 0.124504 0.0111896
11 0.752645 0.798363 0.440476 0.364087 0.0113112
2 0.342758 0.561136 0.557209 0.442708 0.0119754
22 0.75463 0.829985 0.466931 0.34003 0.0130137
23 0.0897817 0.311508 0.157738 0.232143 0.0131858
11 0.123512 0.357887 0.247024 0.271825 0.0134578
4 0.0691138 0.295759 0.137566 0.127232 0.0140378
22 0.150132 0.414559 0.300265 0.372272 0.0140543
18 0.763062 0.855407 0.473876 0.289187 0.0142872
7 0.763062 0.852555 0.473876 0.283482 0.0143114
4 0.145503 0.408358 0.291005 0.351935 0.0154166
6 0.752315 0.826885 0.486772 0.34623 0.019214
2 0.199239 0.47061 0.398479 0.432292 0.0201685
6 0.131779 0.387029 0.263558 0.291915 0.020413
7 0.288525 0.520089 0.563823 0.376984 0.0212786
25 0.0712632 0.291915 0.131944 0.147817 0.0219069
3 0.172784 0.439112 0.345569 0.391617 0.0230865
12 0.127811 0.379216 0.250331 0.292659 0.0235892
8 0.0745701 0.316716 0.14914 0.142857 0.0243538
6 0.284888 0.521329 0.522156 0.390377 0.0248141
8 0.173942 0.433904 0.347884 0.43874 0.0266315
23 0.10797 0.386161 0.215939 0.234127 0.0290335
9 0.0745701 0.313616 0.14914 0.161954 0.0365419
25 0.0916005 0.322297 0.183201 0.189732 0.0379474
8 0.101852 0.342014 0.203704 0.215278 0.0382053
