6 0.14418 0.637029 0.249339 0.185268 0.0109048
18 0.148313 0.636409 0.254299 0.18254 0.0109466
8 0.0724206 0.0443948 0.140873 0.078373 0.010977
25 0.655258 0.340526 0.198743 0.189484 0.011468
5 0.527778 0.521949 0.562169 0.507688 0.0121922
18 0.666667 0.337302 0.224206 0.193948 0.0125146
22 0.508267 0.442212 0.559524 0.596726 0.0136354
5 0.375661 0.288566 0.267196 0.346974 0.0142351
11 0.376323 0.286954 0.303571 0.347222 0.0157493
4 0.0977183 0.0531994 0.181548 0.106399 0.0161909
2 0.393022 0.374008 0.419643 0.448909 0.0176278
22 0.380456 0.334449 0.330357 0.389137 0.0211476
5 0.449735 0.384425 0.470899 0.49752 0.0221783
24 0.505622 0.479539 0.560185 0.492312 0.0228336
7 0.498347 0.483259 0.536376 0.430804 0.0234588
3 0.527116 0.487847 0.543651 0.466766 0.0256911
22 0.468089 0.613343 0.471892 0.436012 0.0275403
2 0.483962 0.520089 0.504299 0.449405 0.0330912
9 0.0967262 0.047619 0.193452 0.0952381 0.0357112
25 0.0998677 0.0431548 0.199735 0.0863095 0.0486654
