25 0.396739 0.419096 0.285573 0.244812 0.01295
0 0.44697 0.41712 0.445323 0.469121 0.0145879
8 0.386528 0.44207 0.304018 0.269516 0.0146214
6 0.396574 0.481102 0.44137 0.417737 0.015947
23 0.45224 0.38834 0.445982 0.499506 0.0184736
23 0.393116 0.419343 0.307312 0.289279 0.0226425
11 0.510046 0.297801 0.306653 0.312994 0.0294003
2 0.423419 0.519145 0.515481 0.437994 0.0361411
22 0.426877 0.520504 0.485507 0.451581 0.0461549
22 0.488801 0.341033 0.353096 0.379694 0.068545
3 0.484848 0.333127 0.355072 0.407362 0.0686209
