11 0.212945 0.490736 0.425889 0.444911 0.01093
2 0.197299 0.559783 0.394598 0.388834 0.011054
0 0.556489 0.46875 0.40415 0.341156 0.0114203
22 0.206028 0.520504 0.412055 0.407609 0.011676
5 0.521245 0.490983 0.41469 0.366354 0.0127449
6 0.26614 0.517045 0.532279 0.349802 0.0146128
24 0.274704 0.518775 0.549407 0.341403 0.0148365
25 0.391469 0.44837 0.354743 0.248024 0.0177666
24 0.492095 0.456769 0.498024 0.343379 0.0311574
7 0.489789 0.480608 0.498024 0.281868 0.0601116
6 0.487484 0.483819 0.546772 0.311018 0.0742642
