24 0.395422 0.485425 0.589262 0.221344 0.0109284
23 0.193511 0.567564 0.387022 0.342144 0.0114913
5 0.223155 0.568182 0.392951 0.340909 0.0115049
25 0.251976 0.519886 0.402503 0.27248 0.0131005
6 0.336298 0.489748 0.560606 0.26754 0.0159907
8 0.189723 0.50247 0.379447 0.353261 0.0184131
25 0.147233 0.520998 0.294466 0.23913 0.0244614
24 0.244895 0.500494 0.489789 0.317688 0.0326384
22 0.22085 0.573123 0.4417 0.344368 0.0432632
7 0.209651 0.568429 0.419302 0.341403 0.0436075
6 0.222497 0.548542 0.444993 0.320899 0.0680338
