4 0.10797 0.0881696 0.15377 0.176339 0.0101317
5 0.316964 0.438864 0.353505 0.262649 0.0102432
8 0.477183 0.392485 0.343915 0.183284 0.0103651
22 0.119544 0.158606 0.205357 0.317212 0.0105719
7 0.291005 0.396701 0.318122 0.211062 0.0126545
25 0.443948 0.415427 0.381283 0.21131 0.0154248
6 0.538029 0.398934 0.452381 0.177827 0.0157529
18 0.505291 0.389261 0.318122 0.161458 0.0161125
24 0.40873 0.406746 0.571429 0.218254 0.0162031
21 0.110119 0.109127 0.180556 0.218254 0.0163221
6 0.509755 0.37314 0.298611 0.117808 0.0178798
12 0.106316 0.114211 0.184854 0.228423 0.0188186
25 0.314815 0.420015 0.369048 0.242808 0.0235535
25 0.512235 0.376612 0.309524 0.137153 0.024599
25 0.0977183 0.0544395 0.174934 0.108879 0.0362164
8 0.330026 0.427455 0.355159 0.268601 0.0368277
7 0.400959 0.423611 0.59623 0.233631 0.0424756
6 0.37037 0.428695 0.435847 0.255208 0.0762069
