25 0.247685 0.544643 0.396164 0.224702 0.0100443
22 0.616567 0.440848 0.50496 0.409474 0.0106315
11 0.616898 0.439732 0.551257 0.426091 0.0106871
3 0.248512 0.506572 0.468585 0.363343 0.0115717
8 0.807705 0.637029 0.38459 0.3812 0.0125924
5 0.80539 0.635913 0.38922 0.40129 0.0149711
25 0.417989 0.545883 0.402116 0.245536 0.0215374
2 0.823413 0.658606 0.353175 0.346974 0.022814
22 0.824074 0.659474 0.351852 0.339782 0.0248245
11 0.258267 0.50434 0.46164 0.365327 0.0253214
6 0.262566 0.520213 0.465608 0.28497 0.0421462
24 0.369544 0.534722 0.607474 0.254464 0.0446751
6 0.425265 0.562252 0.585979 0.264881 0.0509577
7 0.369709 0.532366 0.556878 0.257192 0.0613779
