23 0.0940807 0.426959 0.188161 0.194196 0.0103713
5 0.8125 0.567212 0.375 0.34127 0.010819
0 0.471726 0.509301 0.538029 0.22495 0.0114783
6 0.375165 0.47061 0.294643 0.139137 0.0116604
18 0.916336 0.930432 0.165344 0.139137 0.0117982
7 0.352844 0.46751 0.28836 0.139881 0.0119686
2 0.59871 0.851438 0.258267 0.257937 0.0121326
18 0.0583664 0.410094 0.116071 0.16245 0.0121997
0 0.786706 0.56746 0.382937 0.338294 0.0122297
25 0.379134 0.471726 0.303902 0.147321 0.0127043
3 0.918485 0.930432 0.163029 0.139137 0.0130621
7 0.446098 0.486855 0.368386 0.189484 0.0140824
25 0.548115 0.492063 0.367394 0.237599 0.0150873
8 0.0676257 0.415551 0.131944 0.164931 0.015796
9 0.0505952 0.389881 0.0978836 0.158234 0.0169046
5 0.606647 0.823661 0.215939 0.27381 0.0182514
25 0.0505952 0.390749 0.10119 0.149554 0.0189399
4 0.0492725 0.391245 0.098545 0.153026 0.0225489
8 0.0950728 0.948785 0.17295 0.100446 0.0226503
9 0.0691138 0.957465 0.138228 0.0850694 0.0237117
24 0.77877 0.565972 0.44246 0.295635 0.0241462
18 0.58168 0.855035 0.239418 0.273065 0.0247192
25 0.0958995 0.950149 0.179894 0.0997024 0.0253193
9 0.0955688 0.934028 0.174603 0.131944 0.0264955
7 0.781746 0.572173 0.436508 0.285714 0.0276899
24 0.459491 0.490327 0.512235 0.184524 0.0309721
6 0.453704 0.488839 0.494048 0.193948 0.0332085
3 0.592427 0.834945 0.225198 0.281498 0.0437486
6 0.578704 0.53125 0.539021 0.279266 0.0492533
24 0.635251 0.539931 0.545635 0.310516 0.0560112
7 0.629795 0.542659 0.52877 0.304563 0.0595341
