2 0.489418 0.839286 0.304894 0.321429 0.0115276
13 0.496197 0.78683 0.276124 0.259177 0.0117227
8 0.472718 0.643105 0.456019 0.358631 0.0121952
5 0.492229 0.83941 0.315807 0.321181 0.0126346
11 0.441468 0.644345 0.549603 0.402778 0.0146786
6 0.469742 0.645709 0.505622 0.335069 0.0157917
21 0.442791 0.690228 0.550926 0.475694 0.0168679
23 0.47123 0.820561 0.339947 0.358383 0.0172436
3 0.458664 0.68068 0.446429 0.429315 0.0185201
5 0.439649 0.730407 0.471892 0.426091 0.0188354
8 0.464286 0.820437 0.32209 0.357639 0.0242546
2 0.439153 0.732391 0.48545 0.449405 0.0249378
22 0.476687 0.817212 0.330357 0.359127 0.0252035
22 0.437831 0.69184 0.537698 0.464038 0.0254855
