9 0.48366 0.549173 0.251634 0.146752 0.0104934
0 0.473652 0.61152 0.225082 0.253064 0.0108425
2 0.514297 0.648897 0.33415 0.359069 0.0111508
13 0.477328 0.608915 0.242239 0.241728 0.0125638
23 0.480392 0.610754 0.232026 0.257659 0.0161303
25 0.897263 0.653646 0.181781 0.195772 0.0170327
22 0.477533 0.60432 0.241013 0.258272 0.0171886
12 0.488562 0.6106 0.263889 0.264706 0.0295804
8 0.499591 0.609528 0.259804 0.267463 0.0375593
6 0.481005 0.596967 0.270016 0.219056 0.0485174
25 0.488562 0.559896 0.253268 0.165135 0.121701
