0 0.146574 0.431942 0.293149 0.180583 0.0100234
0 0.339262 0.41045 0.238472 0.207263 0.0109481
14 0.301054 0.442811 0.457839 0.255188 0.0114354
4 0.337286 0.427866 0.312912 0.198617 0.0116995
23 0.309124 0.138093 0.327734 0.253458 0.0131172
9 0.313406 0.393281 0.325758 0.242095 0.013272
18 0.365283 0.399333 0.225296 0.159832 0.0133442
18 0.356884 0.177248 0.425231 0.295208 0.0158724
13 0.361989 0.413661 0.28722 0.180089 0.0180366
3 0.316864 0.138834 0.323452 0.257905 0.0188848
25 0.317029 0.414773 0.331028 0.216403 0.0302846
15 0.322793 0.419837 0.312253 0.20084 0.0355795
6 0.325922 0.424407 0.337615 0.211462 0.0530745
24 0.304183 0.413291 0.421937 0.242095 0.0542783
18 0.304348 0.415267 0.396574 0.231225 0.0548894
7 0.302701 0.417984 0.402503 0.219862 0.0887302
