18 0.612484 0.559289 0.591238 0.426383 0.0102548
8 0.76334 0.219615 0.256588 0.176877 0.0108209
5 0.394104 0.540143 0.536561 0.494812 0.0112461
23 0.396245 0.590909 0.362978 0.372036 0.0112735
11 0.532115 0.391798 0.517457 0.546937 0.0113618
2 0.421278 0.83251 0.456522 0.33498 0.0117492
21 0.515316 0.49123 0.564888 0.515563 0.0122774
5 0.526186 0.441453 0.520751 0.530632 0.0127508
22 0.663702 0.569911 0.454545 0.402174 0.0131643
22 0.556324 0.39538 0.471014 0.52248 0.0147626
3 0.399045 0.537673 0.540514 0.510128 0.015773
3 0.557806 0.391057 0.460145 0.47332 0.0157856
21 0.385705 0.58461 0.511199 0.475049 0.0158316
23 0.519928 0.493948 0.530632 0.527915 0.0164283
25 0.782279 0.194911 0.219368 0.145751 0.0171233
2 0.504611 0.563365 0.530303 0.405385 0.024544
24 0.521245 0.534461 0.525362 0.381176 0.0245656
18 0.369401 0.616848 0.522069 0.443676 0.0294407
7 0.555665 0.526186 0.555995 0.394763 0.0309929
2 0.362813 0.618948 0.470026 0.401433 0.0335145
6 0.560277 0.531621 0.581028 0.398715 0.0344331
