3 0.465774 0.770833 0.466601 0.458333 0.0115401
8 0.405754 0.58631 0.490741 0.407242 0.0117554
11 0.177745 0.34437 0.288029 0.307292 0.0125744
11 0.335317 0.537822 0.512566 0.46503 0.01287
7 0.399636 0.616195 0.473876 0.391617 0.0131694
5 0.461475 0.763765 0.495701 0.47247 0.0172521
6 0.40377 0.590526 0.513228 0.417163 0.0201774
2 0.470403 0.791791 0.4375 0.416419 0.0232999
22 0.474868 0.793155 0.444444 0.41369 0.0293725
5 0.366567 0.59375 0.47586 0.41369 0.0384082
3 0.360946 0.593874 0.469246 0.428323 0.0415667
2 0.366402 0.616691 0.458333 0.414435 0.0508342
22 0.368882 0.61942 0.446098 0.461558 0.0791155
