21 0.931324 0.467885 0.118248 0.175395 0.0100761
2 0.828722 0.307559 0.342556 0.410573 0.0107567
5 0.367589 0.272604 0.419631 0.303607 0.0119403
4 0.926713 0.481843 0.111001 0.141551 0.0128831
11 0.879282 0.232708 0.22892 0.402668 0.0129655
18 0.368577 0.269886 0.435441 0.301136 0.0134036
2 0.369895 0.27211 0.427536 0.294713 0.0144322
8 0.924242 0.480608 0.110013 0.155879 0.0149195
9 0.926713 0.483202 0.118906 0.153162 0.0153207
5 0.840415 0.271122 0.317194 0.377717 0.017856
22 0.843544 0.272851 0.279315 0.35499 0.0230426
