2 0.839427 0.363513 0.321146 0.397974 0.0116028
4 0.391798 0.482708 0.543808 0.51334 0.0116133
23 0.322628 0.433177 0.499012 0.525445 0.011706
2 0.420619 0.26581 0.42029 0.320158 0.0123786
5 0.411067 0.235672 0.337286 0.262352 0.0139085
23 0.409585 0.231843 0.373847 0.285326 0.0156072
5 0.877306 0.327693 0.245389 0.404891 0.0171763
3 0.39114 0.230361 0.305995 0.257658 0.0172244
18 0.38587 0.235919 0.275033 0.256423 0.0175724
2 0.41502 0.476779 0.479578 0.461957 0.0186677
22 0.875 0.33251 0.25 0.410079 0.0213356
5 0.418643 0.442317 0.534914 0.503706 0.0261899
3 0.418314 0.441453 0.538208 0.550889 0.0269418
0 0.428524 0.518034 0.448617 0.387352 0.0295506
6 0.428854 0.51791 0.471014 0.385623 0.0333616
7 0.425395 0.514822 0.445652 0.379447 0.0400758
