25 0.90448 0.48209 0.182477 0.229002 0.0105043
8 0.891304 0.483819 0.196311 0.234931 0.0107043
6 0.913538 0.371047 0.128788 0.127964 0.0107208
2 0.912055 0.48913 0.160079 0.257411 0.0125975
23 0.908762 0.359066 0.146245 0.179101 0.0132842
8 0.900362 0.392663 0.138669 0.137105 0.0142476
4 0.906126 0.48913 0.173913 0.26087 0.0163637
3 0.250165 0.128953 0.211792 0.257905 0.0217818
5 0.354578 0.623518 0.441041 0.362154 0.0232698
18 0.248353 0.1208 0.220026 0.241601 0.0308938
2 0.352931 0.619936 0.427866 0.355484 0.0312304
25 0.901515 0.39711 0.169302 0.176136 0.0390911
23 0.893939 0.471467 0.201581 0.284832 0.0442773
3 0.888175 0.468379 0.199934 0.313735 0.0484493
21 0.892292 0.469738 0.194335 0.300148 0.0531897
