23 0.469862 0.449975 0.3778 0.34165 0.0100203
23 0.184124 0.0774456 0.161397 0.134634 0.0111895
22 0.543478 0.538785 0.536891 0.426877 0.0116291
8 0.537549 0.54002 0.530962 0.42836 0.0130455
25 0.18363 0.0705287 0.122859 0.127717 0.0169532
3 0.184947 0.11376 0.145916 0.220109 0.0181103
8 0.185112 0.0831275 0.129776 0.156868 0.0181422
3 0.487648 0.494318 0.418643 0.382905 0.0307325
18 0.174078 0.0848567 0.157115 0.143034 0.0341978
5 0.484025 0.571393 0.439065 0.431324 0.0466392
2 0.490777 0.572505 0.445323 0.434042 0.0568778
