25 0.0546772 0.161685 0.109354 0.230484 0.0103435
25 0.520422 0.287796 0.220685 0.232708 0.010949
3 0.0764163 0.296813 0.133729 0.321887 0.0114923
23 0.522233 0.286191 0.22892 0.247283 0.0147231
21 0.0574769 0.182436 0.114954 0.266551 0.015368
3 0.0974967 0.219121 0.194993 0.326581 0.0162718
4 0.0573123 0.166502 0.113966 0.273221 0.0193057
2 0.551877 0.26581 0.302701 0.375 0.0220939
12 0.0573123 0.191329 0.108696 0.276927 0.022556
5 0.553195 0.263587 0.292161 0.37253 0.0231098
18 0.459651 0.617589 0.45751 0.468379 0.0238743
11 0.583992 0.192564 0.329381 0.36586 0.0281046
3 0.58251 0.190341 0.330369 0.372777 0.0285421
3 0.502964 0.424284 0.326746 0.440464 0.0301716
5 0.498188 0.425148 0.321805 0.451087 0.0303884
22 0.574605 0.193799 0.330369 0.353508 0.0305316
23 0.0681818 0.16712 0.123188 0.294713 0.0370227
2 0.473155 0.623147 0.422596 0.451334 0.0535883
3 0.0645586 0.166131 0.125823 0.309042 0.0650868
5 0.479743 0.585845 0.416667 0.505682 0.0868498
3 0.474144 0.582757 0.400856 0.491107 0.106237
