18 0.4375 0.825025 0.527778 0.34995 0.0112607
22 0.604001 0.645585 0.454034 0.404266 0.0119004
8 0.595734 0.646825 0.512897 0.40129 0.0139189
5 0.606812 0.68378 0.52381 0.467262 0.0150696
2 0.60119 0.77629 0.528439 0.439484 0.0158943
23 0.389881 0.744296 0.423942 0.421131 0.0175629
24 0.558862 0.72619 0.674603 0.500496 0.0177868
22 0.606812 0.779142 0.583333 0.441716 0.0190572
3 0.60119 0.688492 0.561508 0.484623 0.0192254
7 0.484292 0.734003 0.627315 0.455605 0.021677
5 0.433366 0.744544 0.535384 0.427579 0.0345114
3 0.431052 0.739459 0.508929 0.464038 0.0433006
2 0.42047 0.743304 0.513558 0.43502 0.0545514
