25 0.482049 0.240613 0.361989 0.215909 0.0103672
25 0.597332 0.287796 0.442358 0.235178 0.0115835
6 0.606719 0.326458 0.418314 0.259634 0.0124272
11 0.343709 0.598567 0.40942 0.328557 0.0125467
2 0.587945 0.320405 0.402503 0.281126 0.012778
23 0.262022 0.613266 0.266469 0.282362 0.0131476
0 0.605567 0.323246 0.39888 0.275939 0.0136747
9 0.897892 0.0668231 0.173913 0.128211 0.0144867
4 0.443511 0.671566 0.672266 0.533844 0.0165264
25 0.884552 0.044837 0.19137 0.0896739 0.0175704
7 0.492095 0.676013 0.606719 0.437006 0.0177143
8 0.492754 0.239625 0.410408 0.199605 0.0181579
22 0.480237 0.58004 0.559289 0.479743 0.018694
8 0.341074 0.628335 0.429842 0.399457 0.0189735
24 0.490613 0.672801 0.626153 0.452816 0.0193148
5 0.373847 0.599802 0.502635 0.353261 0.0194589
7 0.557148 0.285944 0.433136 0.244812 0.020844
3 0.471838 0.585474 0.599802 0.487648 0.0229377
24 0.554018 0.287302 0.478261 0.280138 0.0234026
7 0.368742 0.597332 0.504282 0.354743 0.0236722
4 0.524209 0.257658 0.416008 0.204051 0.0236728
6 0.518281 0.260005 0.392292 0.204298 0.0278124
0 0.377141 0.625741 0.534256 0.454545 0.0307634
6 0.375494 0.594491 0.490777 0.36833 0.0334765
18 0.517457 0.263587 0.444005 0.255435 0.0357577
2 0.369071 0.624259 0.52141 0.4333 0.0469175
