13 0.535738 0.11623 0.327734 0.23246 0.0120661
23 0.326416 0.512105 0.277997 0.297925 0.0123973
0 0.537055 0.179718 0.366601 0.355484 0.0136965
4 0.493577 0.665637 0.471344 0.54669 0.0159872
5 0.10359 0.853384 0.206522 0.293231 0.0161704
23 0.0958498 0.834857 0.1917 0.29669 0.0177394
2 0.596838 0.463686 0.495389 0.465909 0.0181586
3 0.0971673 0.835227 0.189723 0.299407 0.0191744
7 0.492589 0.0993083 0.310606 0.198617 0.0206679
1 0.513999 0.433671 0.619565 0.436018 0.0211609
18 0.405138 0.515316 0.463768 0.399209 0.0212207
6 0.525527 0.13587 0.36726 0.266798 0.0220198
3 0.487978 0.60042 0.682148 0.520998 0.0256953
9 0.503623 0.110672 0.306324 0.221344 0.0257749
24 0.507246 0.111166 0.291831 0.222332 0.0266143
5 0.605072 0.382905 0.455204 0.481719 0.0276991
3 0.585145 0.279768 0.41469 0.488883 0.0278438
2 0.571146 0.227643 0.387352 0.40835 0.0280118
22 0.600626 0.437006 0.513505 0.462451 0.0302693
7 0.448946 0.525074 0.586298 0.519022 0.0310019
25 0.48913 0.0963439 0.299736 0.192688 0.0329099
5 0.472332 0.748147 0.424242 0.503706 0.0345315
5 0.564065 0.228137 0.377141 0.414773 0.0363917
3 0.477931 0.715168 0.444005 0.467391 0.0401915
3 0.561265 0.434659 0.618577 0.441947 0.0425811
4 0.504447 0.128211 0.307971 0.256423 0.0454162
23 0.506258 0.131546 0.328722 0.263093 0.0454216
2 0.431818 0.526186 0.561924 0.467885 0.0501318
18 0.513669 0.135128 0.300066 0.270257 0.0509472
