9 0.826389 0.81126 0.208333 0.155258 0.0105555
22 0.875165 0.292535 0.22586 0.269593 0.0111349
5 0.87748 0.292659 0.223214 0.269345 0.0123141
11 0.886905 0.201637 0.210979 0.252976 0.0151549
18 0.849702 0.812872 0.237103 0.168899 0.016327
24 0.847553 0.826389 0.281085 0.177579 0.0164085
4 0.43254 0.59933 0.448413 0.509177 0.0164738
25 0.862765 0.795263 0.242725 0.153026 0.0181247
25 0.740575 0.0434028 0.223876 0.0868056 0.0181635
0 0.881614 0.258805 0.218254 0.247768 0.0229155
8 0.848049 0.818452 0.252976 0.164683 0.0245525
18 0.45668 0.563864 0.406085 0.480407 0.0250926
23 0.451389 0.501736 0.40873 0.373512 0.027054
4 0.906085 0.235367 0.170635 0.168651 0.02802
13 0.894015 0.255952 0.210648 0.229167 0.0300617
12 0.888393 0.255084 0.215278 0.236359 0.0305114
6 0.845569 0.821677 0.257275 0.157242 0.0309695
21 0.899636 0.201513 0.182209 0.229911 0.0311013
8 0.908069 0.220114 0.181217 0.161458 0.0314086
5 0.460152 0.529018 0.397156 0.406746 0.0351341
3 0.440311 0.529514 0.430225 0.421131 0.056617
2 0.430721 0.533606 0.425595 0.415923 0.0659516
25 0.897156 0.233383 0.195767 0.206845 0.0757011
