23 0.3111 0.264205 0.242095 0.29669 0.0100526
25 0.25774 0.318799 0.344862 0.284832 0.010465
4 0.945158 0.113389 0.108366 0.177372 0.0108254
5 0.908267 0.168478 0.168972 0.306818 0.0112339
3 0.354414 0.183794 0.256258 0.367589 0.0112908
0 0.257411 0.340539 0.351449 0.282856 0.0113303
18 0.329381 0.079916 0.173254 0.148962 0.0128641
22 0.90942 0.168231 0.178524 0.307806 0.0136306
11 0.932477 0.128211 0.132411 0.242095 0.0140283
20 0.930501 0.130805 0.131752 0.238883 0.0144623
5 0.26087 0.357955 0.336627 0.339921 0.0168428
8 0.944993 0.0869565 0.110013 0.173913 0.0172155
7 0.262846 0.333745 0.328722 0.329545 0.0206318
3 0.255435 0.33004 0.333004 0.329051 0.0290397
23 0.249506 0.347456 0.309289 0.337204 0.0335624
25 0.950758 0.0921443 0.0984849 0.162055 0.0361854
2 0.244071 0.360301 0.346509 0.33918 0.0411341
4 0.243248 0.35499 0.34025 0.316206 0.041364
18 0.249671 0.355731 0.354414 0.336462 0.0636141
