23 0.551054 0.260993 0.277997 0.30163 0.0102346
23 0.595191 0.132288 0.231884 0.253706 0.0102555
18 0.541667 0.311265 0.355402 0.376976 0.0105374
23 0.528491 0.514575 0.306653 0.322134 0.010851
25 0.114789 0.0916502 0.156456 0.1833 0.0110659
4 0.61693 0.131546 0.248353 0.248765 0.0111774
23 0.589756 0.38414 0.289526 0.330534 0.0128607
11 0.602602 0.15378 0.34552 0.307559 0.0142221
23 0.112648 0.101655 0.183136 0.180089 0.0188636
3 0.112813 0.126729 0.201252 0.241107 0.0233019
18 0.111001 0.125 0.177207 0.218379 0.0387874
2 0.590744 0.479373 0.410738 0.541255 0.0440796
5 0.563076 0.231472 0.32444 0.462945 0.0583103
3 0.571146 0.226655 0.341238 0.438982 0.062995
5 0.610507 0.481966 0.407444 0.495553 0.0671822
3 0.608037 0.479743 0.395257 0.479743 0.0768214
