2 0.573452 0.317811 0.324111 0.39501 0.0120207
8 0.0619236 0.787426 0.110013 0.145504 0.0132928
11 0.596179 0.229743 0.183136 0.213933 0.0141849
8 0.607708 0.238266 0.180501 0.204298 0.0151244
25 0.0584651 0.783844 0.10639 0.149209 0.0154409
9 0.05583 0.785573 0.0984849 0.152668 0.0156145
25 0.60886 0.237154 0.181489 0.213933 0.0182321
4 0.0583004 0.78545 0.102767 0.149457 0.0195259
22 0.586133 0.272604 0.226943 0.275939 0.0205619
5 0.574275 0.472579 0.380435 0.426877 0.0218635
2 0.567688 0.471714 0.396904 0.434536 0.025552
22 0.571476 0.469862 0.380105 0.4417 0.0331642
