2 0.459987 0.722098 0.430556 0.484871 0.0116922
11 0.594742 0.282986 0.448082 0.437004 0.0133637
22 0.512897 0.479663 0.674603 0.522321 0.0136771
22 0.458333 0.718006 0.406085 0.506944 0.0149928
8 0.616733 0.287202 0.417989 0.394345 0.0165436
2 0.622355 0.415923 0.441138 0.522817 0.0196426
2 0.616733 0.666791 0.565476 0.547867 0.021594
22 0.622189 0.663566 0.554563 0.542411 0.0234915
3 0.621362 0.330853 0.410714 0.428571 0.0235671
5 0.614583 0.329117 0.439484 0.441964 0.0350384
22 0.621528 0.328125 0.410384 0.437996 0.0391246
