2 0.356481 0.358259 0.306878 0.386161 0.0110989
3 0.546296 0.72247 0.558862 0.495536 0.0117097
7 0.600198 0.804812 0.446429 0.369048 0.0121786
5 0.594742 0.722966 0.574405 0.554067 0.012915
6 0.604167 0.803447 0.443122 0.385169 0.0137165
2 0.435185 0.475446 0.467593 0.504464 0.0169213
22 0.600694 0.755704 0.526124 0.488591 0.0217959
5 0.359127 0.3187 0.285714 0.330853 0.0225432
11 0.359788 0.286582 0.297619 0.332093 0.023534
3 0.475694 0.577505 0.486442 0.482887 0.023606
22 0.360615 0.318948 0.268188 0.317956 0.03049
5 0.47371 0.577257 0.508929 0.528522 0.0322933
2 0.491567 0.668155 0.461971 0.513393 0.0382517
22 0.484292 0.615575 0.476521 0.507937 0.0461157
